Place Player Rating Mu Sigma #Matches #Forfeits
1 AND4H 36.054 36.718 0.443 187 8
2 capndrake 35.685 36.406 0.481 160 10
3 Adam5396 31.91 33.175 0.843 40 1
4 Fullalizards 31.329 32.315 0.657 69 4
5 Knighty 31.271 31.82 0.366 209 0
6 IongravireI 30.974 32.316 0.895 38 5
7 Trisscorp 30.968 31.502 0.356 217 0
8 Krankdud 30.844 31.446 0.402 165 23
9 SirNiko 30.821 31.952 0.754 49 0
10 zecks 30.627 31.539 0.608 80 4
11 primal85 30.597 31.902 0.87 39 1
12 Blechy 30.464 31.333 0.579 87 0
13 ramsus88 30.185 31.331 0.765 49 5
14 usedpizza 29.842 31.218 0.917 42 2
15 kval 29.591 30.771 0.787 42 1
16 m0ebius 29.495 31.214 1.146 18 0
17 Pikapals 29.49 30.125 0.423 131 2
18 jadian 29.337 30.549 0.808 44 0
19 Psyho 29.257 29.697 0.293 324 35
20 ivan 29.253 30.17 0.611 68 1
21 Jorf 29.124 30.189 0.71 54 6
22 Mikan 28.567 29.208 0.427 133 9
23 LiteYear 28.428 29.284 0.571 83 1
24 Death_Devil 28.387 30.376 1.326 15 1
25 dragonc0 28.275 29.34 0.709 43 0
26 Gikkman 28.183 29.311 0.752 46 1
27 Mr_Weables 28.158 29.34 0.788 43 4
28 razielim 27.99 28.849 0.573 82 10
29 atroz 27.961 28.625 0.442 120 15
30 Julian 27.953 29.292 0.893 31 0
31 TheMexicanRunner 27.943 29.278 0.89 37 3
32 GhostOfStarmen 27.878 29.497 1.08 21 3
33 TiefBlau 27.846 28.479 0.422 128 7
34 Withhelde 27.837 28.875 0.692 52 4
35 caerulius 27.809 28.567 0.506 95 12
36 nightmare47 27.649 28.767 0.746 45 3
37 chunkatuff 27.596 28.722 0.751 46 0
38 Bizn355 27.592 29.572 1.32 13 0
39 RoboSparkle 27.435 28.529 0.73 50 9
40 Andy 27.403 28.446 0.695 54 5
41 neskamikaze 27.367 27.884 0.345 211 26
42 Kirkq 27.347 27.962 0.41 149 12
43 Ajarmar 27.227 28.771 1.029 22 0
44 Karal_ 27.193 29.038 1.23 17 2
45 needle 27.113 28.207 0.73 51 5
46 TelrikRoch 27.044 28.079 0.69 47 5
47 PHatHome666 26.868 28.9 1.355 12 0
48 tbh_worms 26.816 27.468 0.434 120 1
49 zenicreverie 26.81 27.436 0.417 141 15
50 mikethev 26.733 27.974 0.827 33 1
51 Omnigamer 26.692 28.933 1.494 14 2
52 arcbliss 26.62 28.246 1.084 20 0
53 Kyong92 26.597 27.267 0.446 110 0
54 T3tsuya 26.525 27.483 0.639 64 6
55 elmagus- 26.469 28.603 1.423 13 1
56 bangerra 26.451 27.249 0.532 92 5
57 CriminallyVulgar 26.412 28.003 1.06 21 3
58 studio 26.369 27.813 0.963 28 1
59 RatFunk 26.346 27.978 1.088 22 4
60 falcoeagle 26.231 27.422 0.794 38 3
61 Polari 26.179 27.69 1.007 27 1
62 prinny 26.044 27.619 1.05 23 1
63 neo_sporin 26.019 27.077 0.705 53 0
64 BladeTwinSwords 25.986 26.687 0.467 114 16
65 Midboss 25.982 27.058 0.717 47 5
66 guhbadoo 25.972 28.418 1.631 9 1
67 saphaeren 25.969 27.109 0.76 41 10
68 Tsukigato 25.94 27.02 0.72 47 11
69 axl 25.938 28.781 1.895 7 0
70 AaronDobbe 25.893 27.138 0.83 30 2
71 hagspam 25.86 26.901 0.694 52 8
72 tonic 25.843 27.424 1.054 23 2
73 jonathanxspidewebia 25.798 27.195 0.931 28 7
74 chucat 25.748 27.05 0.868 32 5
75 lightning55 25.671 26.356 0.457 117 10
76 neerrm 25.635 26.807 0.782 40 9
77 Sent 25.624 27.018 0.93 26 3
78 raindropdry 25.605 27.345 1.16 21 4
79 Mundungu 25.571 26.323 0.501 105 20
80 Venator 25.55 27.191 1.094 19 4
81 PrinceKaro 25.546 26.263 0.478 105 20
82 otaru 25.534 27.246 1.141 20 2
83 NiceGuyAndersson 25.494 26.331 0.558 73 10
84 MC_Crash 25.436 27.47 1.356 11 0
85 unusualcook 25.324 25.883 0.373 179 0
86 naglfar 25.322 26.718 0.931 27 1
87 DarkTerrex 25.315 27.551 1.491 12 2
88 grindinginsilence 25.283 27.378 1.396 13 1
89 authorblues 25.238 26.724 0.991 25 3
90 A3r1uS 24.918 26.277 0.906 27 0
91 Chrouya 24.679 25.287 0.405 149 12
92 alanim 24.657 25.659 0.668 52 5
93 Dragondarch 24.599 26.26 1.107 21 1
94 darbian 24.557 26.223 1.111 20 0
95 ekkosangen 24.421 27.348 1.952 6 0
96 ogam 24.42 26.111 1.127 17 0
97 bony 24.401 25.111 0.473 106 25
98 ballinshades 24.325 26.264 1.292 14 0
99 Muk1000 24.311 26.662 1.567 10 0
100 Alpha-5 24.267 24.95 0.456 113 20
101 henjoness 24.256 25.47 0.81 35 9
102 Twig 24.235 26.227 1.328 14 2
103 kraflab 24.172 25.652 0.987 28 6
104 AllTimePlumber 24.145 26.224 1.386 16 2
105 Mephistus 24.115 24.838 0.482 103 19
106 Swerb 24.026 24.887 0.574 66 4
107 mashystrr 23.977 25.036 0.706 45 5
108 RoHiSakk 23.948 25.795 1.232 17 2
109 uznare 23.913 25.326 0.942 31 8
110 SomeGirlOnTheInternet 23.906 24.51 0.402 150 3
111 FatalFrame 23.884 25.358 0.983 27 2
112 Trogdor 23.865 25.775 1.273 14 2
113 lancedrago 23.836 24.838 0.668 49 14
114 VoriuM 23.775 25.132 0.905 28 0
115 anthole 23.729 25.149 0.947 25 6
116 Xanskar 23.714 25.564 1.233 17 3
117 Evergod41 23.677 25.492 1.21 20 3
118 kzez 23.548 25.276 1.152 16 0
119 Darko 23.544 25.55 1.337 16 4
120 Genocidal 23.418 24.477 0.706 53 12
121 bonzi77 23.325 26.084 1.84 7 1
122 emptydubs 23.319 26.077 1.839 6 0
123 DrD 23.211 24.894 1.122 18 4
124 jeffsledge 23.193 24.274 0.721 47 11
125 Mikey_McC 23.188 24.368 0.787 38 5
126 VIktorhark 23.151 25.663 1.675 8 1
127 Exuno 23.051 23.967 0.611 60 13
128 BlasphemousRoar 23.048 24.29 0.828 31 4
129 nodthenbow 23.046 25.773 1.818 6 0
130 darkman78 23.046 24.237 0.794 39 10
131 thegons 23.013 24.306 0.862 34 0
132 samstrife 22.988 26.177 2.126 6 0
133 skurd 22.864 24.655 1.194 17 4
134 Arzga 22.852 24.378 1.017 22 0
135 George 22.846 24.678 1.221 15 4
136 Edenal 22.726 24.731 1.336 17 3
137 noxian 22.629 24.938 1.539 11 4
138 OrvilleRednDead 22.624 24.72 1.397 13 1
139 Jeffdamann 22.551 25.213 1.775 8 3
140 Therio 22.541 24.705 1.443 14 4
141 knox 22.527 23.108 0.387 167 52
142 cooltraineradam 22.519 23.848 0.886 28 5
143 CavemanDCJ 22.486 24.993 1.672 9 1
144 jimmypoopins 22.469 25.463 1.996 6 2
145 khananaphone 22.464 24.613 1.433 14 2
146 Brormanis 22.417 25.209 1.862 6 2
147 Jamesbuc 22.35 24.541 1.461 10 2
148 RidleyDragon 22.264 23.372 0.739 39 7
149 Sammie 22.253 23.886 1.089 18 4
150 btrim 22.227 24.708 1.654 9 3
151 shrimp 22.214 23.768 1.036 21 5
152 BobertJoe 22.198 24.119 1.281 15 4
153 SirFist 22.183 23.877 1.13 20 7
154 NikoJazz 22.175 24.233 1.372 12 0
155 TheWhitley 22.172 24.619 1.631 8 0
156 abobobama 22.151 25.414 2.175 6 2
157 VultuZ 22.111 25.007 1.931 6 0
158 countdown42 22.078 22.956 0.585 74 31
159 garbanzoguy 22.057 23.904 1.232 16 4
160 xetrov 21.945 23.491 1.031 25 7
161 DSkye 21.926 24.622 1.798 8 0
162 Twinge 21.919 23.657 1.159 21 7
163 nudua 21.763 22.74 0.651 54 13
164 Hopscotch007 21.758 22.791 0.689 49 5
165 CivilYoshi 21.714 22.907 0.795 35 10
166 freeball1 21.68 22.474 0.53 87 22
167 WhenChukAttacks 21.611 23.93 1.546 10 3
168 Zyre 21.591 24.002 1.608 9 2
169 DSMidna 21.562 24.633 2.047 7 2
170 stauken 21.559 22.614 0.703 52 15
171 Palidian 21.551 22.614 0.709 54 15
172 LeFrozer 21.468 23.12 1.102 19 6
173 theJUICE 21.39 24.509 2.08 6 2
174 Copilot 21.37 23.114 1.163 23 8
175 CardsOfTheHeart 21.255 22.585 0.886 33 1
176 golfdinger 21.155 23.018 1.242 15 3
177 Kirua 21.129 22.089 0.64 61 12
178 laml 21.102 22.076 0.649 60 22
179 Zephyrz 21.06 23.202 1.428 14 5
180 zarby89 21.051 22.527 0.984 21 3
181 Koop 21.023 23.445 1.614 8 2
182 HiipFire 20.96 22.538 1.052 26 11
183 xarwidowu 20.9 23.258 1.572 9 0
184 number905 20.881 22.786 1.27 15 2
185 buster 20.819 24.12 2.2 6 2
186 Shepski 20.81 22.417 1.071 21 10
187 boredeathly 20.772 23.65 1.918 7 2
188 drjordo 20.702 21.808 0.737 48 19
189 FizPlaysGames 20.673 22.852 1.453 10 2
190 harukakuma 20.65 23.134 1.656 10 4
191 BossCrab 20.639 24.146 2.338 6 0
192 adam 20.628 23.128 1.666 8 2
193 infinitemystery 20.575 23.047 1.647 8 1
194 HailHydrate 20.504 22.837 1.556 8 0
195 wallyaldo 20.471 23.03 1.706 8 2
196 Bbforky 20.456 22.616 1.44 11 2
197 casusby 20.429 21.706 0.851 34 5
198 prs 20.394 23.367 1.982 6 4
199 kanopy 20.377 21.291 0.61 63 19
200 quo 20.363 22.504 1.427 12 1
201 bloodduster 20.327 23.884 2.371 6 1
202 Shion` 20.271 22.298 1.351 12 6
203 Byte_Man 20.187 22.367 1.453 12 2
204 jallek 20.168 22.026 1.239 14 1
205 HerculesBenchpress 20.152 21.702 1.033 19 6
206 Garadas 20.118 22.852 1.823 7 2
207 saintconnor 20.1 22.056 1.304 14 5
208 Wulfe 20.079 21.544 0.976 22 8
209 wagtehdog 20.074 22.518 1.63 9 3
210 Einea5mk 19.996 21.492 0.997 25 8
211 Yosh 19.98 21.75 1.18 17 4
212 tohloo 19.902 20.69 0.526 84 24
213 sakegeist 19.863 22.667 1.87 6 3
214 west0pher 19.833 21.755 1.282 15 4
215 edobean 19.809 22.478 1.779 8 3
216 highspirits 19.727 21.194 0.978 27 8
217 scg^tirean 19.688 22.503 1.877 8 3
218 Xelotath 19.654 21.063 0.939 29 10
219 Mr_Carter 19.538 21.572 1.356 13 4
220 ThunderMustache 19.502 22.595 2.062 7 0
221 Zozoken 19.476 20.918 0.962 27 7
222 rule 19.395 22.234 1.893 6 1
223 Only1Fox 19.393 21.716 1.549 9 4
224 shasta 19.33 22.093 1.842 7 3
225 KrazyRasmus 19.259 21.332 1.382 15 8
226 deepfreeze2k 19.251 20.612 0.907 31 3
227 Emptyeye 19.157 22.326 2.112 7 1
228 Grumpmeister 19.146 21.03 1.256 13 1
229 aweglib 19.049 20.91 1.241 16 2
230 goost 19.046 20.542 0.997 26 6
231 Peptobislawl 18.991 21.492 1.668 8 2
232 kulthavy 18.96 21.829 1.912 7 0
233 Xdragon95 18.947 21.912 1.976 6 2
234 KingSpore 18.926 21.796 1.913 6 1
235 AcroxShadow 18.903 21.693 1.86 6 1
236 sabby23 18.902 21.768 1.911 7 1
237 retroph 18.89 20.368 0.985 23 2
238 pcull44444 18.868 21.433 1.71 8 2
239 Golden 18.863 20.723 1.24 17 8
240 deschain 18.843 20.375 1.021 21 6
241 ReallyFastCat 18.839 21.175 1.557 10 4
242 Gamer0278 18.804 21.809 2.003 6 0
243 Garrison 18.802 21.474 1.781 8 4
244 jackinthebox333 18.577 20.412 1.224 19 6
245 fatalis 18.559 20.695 1.425 12 1
246 Ribbedkilla 18.55 21.116 1.711 10 6
247 StingX2 18.517 20.58 1.376 13 4
248 demasu 18.464 21.456 1.995 6 1
249 Oranges 18.395 19.782 0.925 24 2
250 Zerochan 18.388 19.864 0.984 23 8
251 mewyou 18.33 19.33 0.666 54 26
252 Tojimaru 18.312 21.158 1.897 6 1
253 spikevegeta 18.138 19.927 1.193 18 6
254 DhrGR 18.13 20.327 1.465 11 2
255 Vick_Viper89 18.028 20.241 1.475 11 5
256 lokki 17.918 20.592 1.783 7 0
257 iateyourpie 17.902 19.671 1.18 18 6
258 ZaeloRae 17.847 18.674 0.551 80 9
259 delphionic 17.815 20.212 1.598 9 2
260 leonpowalski 17.812 20.127 1.544 11 5
261 ChurchnSarge 17.789 20.372 1.722 7 3
262 sanqui 17.755 19.633 1.252 15 0
263 tenshots 17.416 20.276 1.907 6 0
264 Cartina 17.359 18.523 0.776 39 9
265 moofin 17.349 19.477 1.419 10 5
266 PsyMarth 17.233 19.04 1.205 14 0
267 Lishan727 17.177 18.666 0.993 24 10
268 Ephexx 17.142 19.022 1.253 13 5
269 BrassWolf 17.018 19.71 1.795 7 2
270 Beuchiism 16.78 18.077 0.864 30 4
271 ElvenStrike 16.679 18.444 1.176 16 1
272 ZachSK 16.669 18.208 1.027 23 13
273 xxshuzoxx 16.605 18.637 1.354 16 0
274 hugphoenix 16.544 19.446 1.935 6 4
275 LivelyRaccoon 16.461 19.098 1.758 9 4
276 phoenixremeter 16.425 19.286 1.907 6 3
277 behold3r 16.366 18.536 1.447 14 9
278 grygor 16.352 18.343 1.327 14 3
279 traviktox 16.269 18.32 1.367 13 10
280 sumichu 16.174 18.911 1.825 7 2
281 thespinbeast 16.16 17.69 1.02 23 15
282 starrlightsims 15.988 18.365 1.585 9 6
283 FdRstar 15.958 17.649 1.127 16 5
284 yd12k 15.907 18.535 1.752 8 3
285 ancientpower 15.892 18.996 2.069 6 2
286 lidistus 15.869 18.986 2.078 6 1
287 negaZeus 15.861 17.739 1.252 15 0
288 melodia 15.827 18.287 1.64 9 8
289 xacerimmerx 15.8 18.125 1.551 12 8
290 CTConqueror 15.78 18.52 1.827 7 2
291 x10power 15.697 18.674 1.984 7 2
292 Joelcas 15.681 17.035 0.902 27 11
293 oddyesy 15.6 18.413 1.875 6 4
294 hopeisnotlost 15.559 18.246 1.791 8 2
295 footdive 15.471 17.774 1.535 10 6
296 prisiii3 15.438 18.662 2.15 6 0
297 crokeyy 15.422 17.195 1.182 17 10
298 Wishful 15.395 17.717 1.548 10 3
299 Theworm826 15.337 17.485 1.432 12 7
300 divebuster 15.31 17.997 1.791 7 5
301 SOMETHING915 15.265 19.061 2.531 6 2
302 Pedgeth 15.122 16.658 1.024 23 16
303 parkraft123 15.097 17.128 1.354 15 9
304 ZemeckisLebowski 15.096 16.936 1.226 15 12
305 twanman 14.965 17.721 1.837 7 4
306 marenthyu 14.828 16.348 1.013 22 10
307 ViruseReturns 14.763 17.74 1.985 6 5
308 Xelnas 14.715 17.491 1.85 7 6
309 ikarius031 14.648 16.964 1.544 10 7
310 Reboot 14.636 16.005 0.913 32 4
311 Carrotinator 14.553 16.553 1.334 13 7
312 wusupyo517 14.522 16.741 1.479 10 6
313 johnbeeve10 14.401 17.748 2.231 6 5
314 Chrno 14.243 16.915 1.781 8 7
315 Millnium 14.213 16.904 1.794 11 8
316 miets 14.11 16.321 1.474 10 4
317 greenshyguy 14.007 16.029 1.348 14 6
318 Zimmycakes 13.975 15.69 1.143 22 1
319 kariohki 13.771 16.509 1.826 10 5
320 shadowxchief 13.542 16.737 2.13 6 1
321 peterafro 13.282 16.02 1.826 8 4
322 theunoriginalname 13.136 15.029 1.262 16 11
323 cosbrowright 12.903 15.598 1.797 7 4
324 robthegamer117 12.73 15.231 1.667 8 3
325 FlipSide208 12.527 15.51 1.989 6 4
326 xcd 12.287 16.074 2.525 6 6
327 tiernajac 11.911 14.28 1.58 13 6
328 Bigpumkin 11.47 14.113 1.762 7 5
329 avaruusnuija 11.423 15.287 2.575 6 3
